
WSA_diff = 1.1256632130942614;
Traced_diff = 0.40906547011251587;
Corr_f = 0.3633995189272134;
Temp = 699.9596534706805;
Press = 699.9596534706805;

WSA_diff = 2.3257406839072603;
Traced_diff = 0.7665260462268811;
Corr_f = 0.32958362535031727;
Temp = 897.4577682892083;
Press = 897.4577682892083;

WSA_diff = 3.182702736820404;
Traced_diff = 1.0648242155099454;
Corr_f = 0.3345660288003303;
Temp = 1096.4649448967552;
Press = 1096.4649448967552;

